[header]
width=20
height=20
tilewidth=16
tileheight=16
orientation=orthogonal
background_color=0,0,0,255

[tilesets]
tileset=../../CS3113 Intro to Game Programming/assets/sprite_sheets/arne_sprites.png,16,16,0,0
tileset=../../CS3113 Intro to Game Programming/assets/sprite_sheets/arne_sprites.png,16,16,0,0

[layer]
type=Collision
data=
0,0,0,0,0,0,0,0,0,0,0,0,0,0,0,0,0,0,0,0,
0,0,0,0,0,0,0,0,0,0,0,0,0,0,0,0,0,0,0,0,
0,0,0,0,0,0,0,0,0,0,0,0,0,0,0,0,0,0,0,0,
0,0,0,0,0,0,0,0,0,0,0,0,0,0,0,0,0,0,0,0,
0,0,0,0,0,0,0,0,0,0,0,0,19,2,19,0,0,0,0,0,
0,0,0,0,0,0,0,0,0,0,19,18,0,0,0,19,1,0,0,0,
0,0,0,0,1,2,17,2,20,19,0,0,0,0,0,0,0,17,19,0,
0,0,20,20,36,33,36,33,36,36,36,34,36,0,0,0,0,0,0,19,
0,0,0,0,0,0,0,0,0,0,0,0,0,36,0,0,0,0,0,0,
0,0,0,0,0,0,0,0,0,0,0,0,0,0,36,0,0,0,0,0,
0,0,0,0,0,0,0,0,0,0,0,0,0,0,0,36,36,36,36,0,
33,17,18,19,1,20,0,0,0,0,0,0,0,0,0,0,0,0,0,33,
0,0,0,0,0,0,5,0,0,0,0,0,0,0,5,0,5,0,0,36,
0,0,0,0,0,0,0,5,0,0,0,0,0,5,5,4,5,5,0,36,
0,0,0,0,0,0,0,5,4,0,0,0,4,4,0,5,0,5,5,0,
0,0,0,0,0,0,34,4,0,0,0,0,0,0,0,0,0,0,4,0,
0,0,0,0,0,36,0,0,0,0,0,0,0,0,0,0,0,0,5,0,
0,0,0,0,0,34,0,0,0,0,0,0,0,0,0,0,0,5,0,0,
0,0,0,0,34,0,0,0,0,0,0,0,0,0,0,0,5,0,0,0,
0,0,0,0,0,36,36,36,36,36,36,36,36,4,5,5,0,0,0,0

[layer]
type=Background
data=
0,0,0,0,0,0,114,115,0,0,0,97,98,0,0,0,0,0,0,0,
0,0,0,97,98,0,0,0,0,0,0,0,0,0,0,116,0,97,98,0,
0,0,0,0,0,0,0,0,0,0,114,115,0,0,0,0,0,0,0,0,
0,116,0,0,0,0,0,0,0,0,0,0,0,0,0,0,0,0,0,0,
0,0,0,0,0,0,0,0,0,0,0,0,147,130,147,0,0,0,0,0,
0,0,0,0,0,0,0,0,0,0,147,146,35,34,35,147,129,0,0,0,
0,0,0,0,129,130,145,130,148,147,33,35,34,33,35,33,19,145,147,0,
0,0,148,148,164,161,164,161,164,164,164,162,164,36,34,36,36,36,34,147,
0,128,92,93,90,91,92,93,90,91,92,93,90,164,33,36,33,36,36,34,
0,107,108,109,106,107,108,109,106,107,108,109,106,107,164,33,36,33,36,36,
96,123,124,125,122,123,124,125,122,123,124,125,122,123,94,164,164,164,164,36,
161,145,146,147,129,148,108,109,107,123,110,110,123,107,92,93,90,91,92,161,
34,34,35,33,34,36,133,125,109,110,108,109,106,107,133,109,133,107,108,164,
34,35,36,35,35,35,4,133,107,122,124,125,122,133,133,132,133,133,124,164,
34,35,36,34,34,36,4,133,132,90,107,107,132,132,92,133,90,133,133,33,
34,36,33,36,34,36,162,132,107,106,108,122,106,107,108,109,106,107,132,36,
36,33,34,36,34,164,109,106,107,122,124,125,122,123,124,125,122,123,133,33,
34,36,34,36,36,162,107,123,123,107,122,122,107,123,92,123,107,133,5,33,
34,34,34,36,162,109,106,107,106,109,108,109,106,107,108,107,133,5,5,36,
36,34,36,36,36,164,164,164,164,164,164,164,164,132,133,133,36,36,36,36

[ObjectsLayer]
# key
type=Key
location=14,18,1,1

