[header]
width=20
height=20
tilewidth=16
tileheight=16
orientation=orthogonal
background_color=0,0,0,255

[tilesets]
tileset=../../CS3113 Intro to Game Programming/assets/sprite_sheets/arne_sprites.png,16,16,0,0

[layer]
type=Collision
data=
0,0,0,0,0,0,0,0,0,0,0,0,0,0,0,0,0,0,0,0,
0,0,0,0,0,0,0,0,0,0,0,0,0,0,0,0,0,0,0,0,
0,0,0,0,0,0,0,0,0,0,0,0,0,0,0,0,0,0,0,0,
0,0,0,0,0,0,0,0,0,0,0,0,0,0,0,0,0,0,0,0,
0,0,0,0,0,0,0,0,0,0,0,0,19,2,19,0,0,0,0,0,
0,0,0,0,0,0,0,0,0,0,19,18,35,34,35,19,3,0,0,0,
0,0,0,0,1,2,17,2,20,19,33,35,34,33,35,33,19,17,19,0,
0,0,20,20,36,33,36,33,36,36,36,34,36,36,34,36,36,36,34,19,
0,0,0,0,0,0,0,0,0,0,0,0,0,36,33,36,33,36,36,34,
0,0,0,0,0,0,0,0,0,0,0,0,0,0,36,33,36,33,36,36,
0,0,0,0,0,0,0,0,0,0,0,0,0,0,0,36,36,36,36,36,
33,17,18,3,3,20,0,0,0,0,0,0,0,0,0,0,0,0,0,33,
34,34,35,33,34,36,5,0,0,0,0,0,0,0,5,0,5,0,0,36,
34,35,36,35,35,35,4,5,0,0,0,0,0,5,5,4,5,5,0,36,
34,35,36,34,34,36,4,5,4,0,0,0,4,4,0,5,0,5,5,33,
34,36,33,36,34,36,34,4,0,0,0,0,0,0,0,0,0,0,4,36,
36,33,34,36,34,36,0,0,0,0,0,0,0,0,0,0,0,0,5,33,
34,36,34,36,36,34,0,0,0,0,0,0,0,0,0,0,0,5,5,33,
34,34,34,36,34,0,0,0,0,0,0,0,0,0,0,0,5,5,5,36,
36,34,36,36,36,36,36,36,36,36,36,36,36,4,5,5,36,36,36,36

[Player]
type=Player
location=17,5,1,1

[Key]
type=Key
location=14,18,1,1

