[header]
width=12
height=12
tilewidth=256
tileheight=149
orientation=isometric
background_color=0,0,0,255

[tilesets]
tileset=../SpriteSheet.png,256,512,0,0

[layer]
type=Floor
data=
37,93,81,95,37,67,111,96,37,93,81,95,
89,111,112,65,111,65,109,37,89,111,112,65,
81,67,81,88,67,65,92,65,81,67,81,88,
85,65,90,65,82,109,111,96,85,65,90,65,
82,65,105,65,112,110,105,67,82,65,105,65,
93,110,67,65,110,108,82,67,93,110,67,65,
85,82,107,65,84,67,37,68,85,82,107,65,
34,90,94,82,90,94,34,35,34,90,94,82,
37,93,81,95,68,67,111,96,68,93,81,95,
89,111,112,65,111,65,109,37,89,111,112,65,
81,67,81,88,67,65,92,65,81,67,81,88,
85,65,90,65,82,109,111,96,85,65,90,65

[layer]
type=Wall
data=
154,142,138,153,154,0,142,0,154,134,150,153,
136,0,0,173,176,0,0,0,124,0,0,169,
176,0,0,133,136,0,0,137,128,0,0,189,
156,0,0,155,156,0,0,155,156,131,0,155,
154,0,138,153,154,0,118,153,154,150,118,153,
124,0,0,141,196,0,0,129,176,0,0,201,
0,0,0,193,196,0,0,133,128,0,0,189,
156,183,191,155,156,151,135,155,156,175,151,155,
154,174,190,153,154,0,138,153,154,118,114,153,
156,0,0,129,132,0,0,125,176,0,0,149,
116,188,0,149,116,0,0,121,116,0,0,201,
156,156,127,155,156,151,127,155,156,123,127,155

[layer]
type=Objects
data=
233,0,0,0,0,0,223,0,12,10,0,0,
0,0,0,0,0,0,0,0,0,0,0,0,
0,0,5,0,235,0,0,0,0,0,0,0,
0,0,0,0,0,0,0,0,0,0,0,0,
229,0,0,0,22,0,28,0,233,0,0,0,
0,0,213,0,0,0,0,0,0,0,0,0,
0,0,235,0,0,10,6,0,0,0,0,0,
0,0,0,0,0,0,0,0,0,0,0,0,
214,0,0,0,0,0,0,0,3,0,0,0,
0,0,0,0,0,9,0,0,0,0,0,0,
0,0,0,0,0,0,7,0,10,0,0,0,
0,0,0,0,0,0,0,0,0,0,0,0

[layer]
type=Stairs
data=
0,0,0,0,0,0,0,0,0,0,0,0,
0,0,0,0,0,0,0,0,0,0,0,0,
0,0,0,0,0,0,0,0,0,0,0,0,
0,0,0,0,0,0,0,0,0,0,0,0,
0,0,0,0,0,0,0,0,0,0,0,0,
0,0,0,0,0,0,0,0,0,0,0,0,
0,0,0,0,0,0,0,0,0,0,0,0,
0,0,0,0,0,0,0,0,0,0,0,0,
0,0,0,0,0,0,0,0,0,0,0,0,
0,0,0,0,0,0,0,0,0,0,0,0,
0,0,0,0,0,0,0,0,0,0,0,0,
0,0,0,0,0,0,0,0,0,0,0,0

