[header]
width=12
height=12
tilewidth=256
tileheight=149
orientation=isometric
background_color=0,0,0,255

[tilesets]
tileset=SpriteSheet.png,256,512,0,0

[layer]
type=Floor
data=
37,93,81,95,37,67,111,96,37,93,81,95,
89,111,112,65,111,65,109,37,89,111,112,65,
81,67,81,88,67,65,92,65,81,67,81,88,
85,65,90,65,82,109,111,96,85,65,90,65,
82,65,105,65,112,110,105,67,82,65,105,65,
93,110,67,65,110,108,82,67,93,110,67,65,
85,82,107,65,84,67,37,68,85,82,107,65,
34,90,94,82,90,94,34,35,34,90,94,82,
37,93,81,95,68,67,111,96,68,93,81,95,
89,111,112,65,111,65,109,37,89,111,112,65,
81,67,81,88,67,65,92,65,81,67,81,88,
85,65,90,65,82,109,111,96,85,65,90,65

[layer]
type=Doors
data=
0,0,0,0,0,0,0,0,0,0,0,0,
0,0,0,0,0,0,0,0,0,0,0,0,
0,0,0,129,0,0,0,0,0,0,0,0,
0,0,0,0,0,0,0,0,0,0,131,0,
0,0,0,0,0,0,0,0,0,0,0,0,
0,0,0,0,0,0,0,0,0,0,0,0,
0,0,0,0,0,0,0,0,0,0,0,0,
0,0,0,0,0,0,0,0,0,0,0,0,
0,0,0,0,0,0,0,0,0,0,0,0,
0,0,0,0,0,0,0,0,0,0,0,0,
0,0,0,173,0,0,0,0,0,0,0,0,
0,0,0,0,0,0,0,0,0,0,0,0

[layer]
type=Wall
data=
154,114,150,153,126,114,122,114,154,114,182,153,
200,0,0,125,0,0,0,0,152,0,0,141,
120,0,0,0,0,0,0,0,156,0,0,137,
156,199,151,155,0,0,0,0,0,156,0,155,
120,0,180,0,0,0,0,0,0,0,0,133,
136,0,180,0,0,133,0,0,0,0,0,149,
120,0,180,0,0,117,0,0,0,0,0,197,
152,0,180,0,0,133,0,0,0,0,0,149,
154,153,150,153,0,141,0,0,0,0,154,153,
120,201,0,149,0,137,0,0,0,0,152,133,
144,0,0,0,0,149,0,0,154,0,0,121,
156,155,119,127,115,155,119,203,156,135,127,155

[layer]
type=Objects
data=
0,9,0,0,10,7,0,0,0,0,0,0,
0,9,0,0,71,0,0,0,0,224,0,0,
0,71,0,0,0,0,0,0,0,0,0,0,
0,0,0,0,73,0,0,0,0,0,0,0,
0,0,0,71,0,0,0,5,0,0,0,0,
0,0,0,215,0,0,231,0,0,229,0,0,
0,0,0,0,0,0,0,0,0,233,0,0,
0,0,0,0,0,0,0,215,0,0,0,0,
0,0,0,0,5,0,0,0,0,0,5,0,
0,0,73,0,0,0,71,0,0,0,0,0,
0,0,0,0,0,0,7,0,0,0,0,0,
0,0,0,0,0,0,0,0,0,0,0,0

